0 0.551758 0.544271 0.027344 0.041667
0 0.624512 0.542969 0.028320 0.039062
0 0.454102 0.460938 0.023438 0.031250
0 0.513184 0.455729 0.020508 0.033854
0 0.225098 0.391276 0.024414 0.029948
0 0.280762 0.387370 0.020508 0.027344
0 0.600098 0.345052 0.024414 0.028646
0 0.657227 0.345052 0.015625 0.028646
0 0.720215 0.347656 0.020508 0.026042
0 0.491211 0.361328 0.015625 0.019531
0 0.681641 0.221354 0.015625 0.026042
0 0.728516 0.230469 0.019531 0.023438
0 0.400391 0.308594 0.019531 0.028646
0 0.445801 0.306641 0.014648 0.019531
0 0.372559 0.231771 0.014648 0.026042
0 0.413086 0.235026 0.013672 0.016927
0 0.775391 0.355469 0.015625 0.033854
0 0.846680 0.353516 0.013672 0.019531
0 0.924805 0.373698 0.023438 0.028646
0 0.978516 0.373698 0.017578 0.018229
0 0.956055 0.515625 0.025391 0.028646
0 0.252930 0.202474 0.013672 0.016927
0 0.221680 0.200521 0.019531 0.020833
0 0.157227 0.185547 0.013672 0.016927
0 0.188477 0.185547 0.011719 0.011719
0 0.025391 0.244141 0.015625 0.019531
0 0.067383 0.236979 0.009766 0.020833
