0 0.454375 0.396811 0.015000 0.024390
0 0.599375 0.466229 0.018750 0.031895
0 0.564688 0.462946 0.020625 0.030957
0 0.648438 0.325047 0.013125 0.019700
0 0.345938 0.528143 0.030625 0.031895
0 0.754375 0.315666 0.025000 0.029081
0 0.606563 0.348968 0.025625 0.030019
0 0.114375 0.424484 0.023750 0.030957
0 0.322188 0.339118 0.025625 0.027205
0 0.540625 0.237805 0.023750 0.029081
0 0.785625 0.248124 0.026250 0.029081
0 0.397188 0.207317 0.015625 0.018762
0 0.371875 0.205441 0.017500 0.020638
0 0.921250 0.337242 0.021250 0.023452
0 0.471250 0.287054 0.013750 0.018762
