0 0.216309 0.703588 0.024414 0.034321
0 0.270508 0.705148 0.029297 0.037441
0 0.386719 0.689548 0.027344 0.049922
0 0.435059 0.695008 0.026367 0.032761
0 0.470215 0.794852 0.028320 0.032761
0 0.511719 0.796412 0.029297 0.045242
0 0.292969 0.563183 0.027344 0.040562
0 0.333008 0.570983 0.025391 0.031201
0 0.407227 0.502340 0.023438 0.031201
0 0.018555 0.547582 0.025391 0.028081
0 0.062012 0.546802 0.032227 0.029641
0 0.183594 0.475819 0.019531 0.028081
0 0.218262 0.478159 0.026367 0.032761
0 0.521973 0.563963 0.024414 0.029641
0 0.645020 0.516381 0.022461 0.034321
0 0.676270 0.517161 0.024414 0.032761
0 0.232422 0.338534 0.019531 0.024961
0 0.200684 0.332293 0.020508 0.028081
0 0.310059 0.328393 0.016602 0.020281
0 0.360352 0.349454 0.017578 0.024961
0 0.329102 0.349454 0.013672 0.024961
0 0.502930 0.224649 0.011719 0.024961
0 0.523926 0.224649 0.016602 0.024961
0 0.105469 0.390016 0.019531 0.028081
0 0.074219 0.392356 0.017578 0.023401
0 0.013672 0.174727 0.013672 0.021841
0 0.032227 0.173167 0.013672 0.021841
0 0.119141 0.152106 0.011719 0.020281
0 0.140137 0.151326 0.014648 0.021841
0 0.435547 0.104524 0.011719 0.018721
0 0.447754 0.103744 0.010742 0.020281
0 0.594727 0.243370 0.017578 0.021841
0 0.616211 0.245710 0.017578 0.020281
0 0.614258 0.173947 0.013672 0.023401
0 0.374512 0.079563 0.008789 0.009360
0 0.400879 0.079563 0.006836 0.015601
0 0.478516 0.420437 0.021484 0.029641
0 0.508301 0.418877 0.018555 0.023401
0 0.626465 0.418877 0.018555 0.026521
0 0.648926 0.301872 0.012695 0.020281
0 0.627930 0.300312 0.013672 0.023401
0 0.706543 0.129485 0.008789 0.015601
0 0.716309 0.130265 0.006836 0.010920
0 0.791504 0.094384 0.008789 0.010920
0 0.801758 0.094384 0.009766 0.010920
0 0.832520 0.088924 0.006836 0.012480
0 0.523926 0.113885 0.008789 0.012480
0 0.534668 0.114665 0.008789 0.014041
0 0.626465 0.119345 0.010742 0.010920
0 0.615723 0.118565 0.006836 0.012480
0 0.707031 0.046802 0.007812 0.012480
0 0.696777 0.049922 0.008789 0.012480
0 0.759277 0.114665 0.006836 0.014041
0 0.770508 0.114665 0.007812 0.014041
0 0.865234 0.157566 0.009766 0.015601
0 0.662598 0.153666 0.012695 0.017161
