0 0.206055 0.505874 0.015625 0.016153
0 0.225098 0.502937 0.012695 0.016153
0 0.049805 0.389868 0.009766 0.016153
0 0.062012 0.385463 0.010742 0.016153
0 0.204102 0.361968 0.011719 0.013216
0 0.216309 0.361968 0.010742 0.013216
0 0.393555 0.434655 0.011719 0.017621
0 0.414551 0.436858 0.012695 0.019090
0 0.458008 0.509545 0.015625 0.020558
0 0.487305 0.509545 0.015625 0.020558
0 0.190430 0.433921 0.011719 0.013216
0 0.204590 0.433921 0.006836 0.010279
0 0.690430 0.245962 0.009766 0.013216
0 0.704102 0.599119 0.017578 0.020558
0 0.741211 0.599119 0.017578 0.020558
0 0.801758 0.597651 0.017578 0.023495
0 0.831055 0.594714 0.017578 0.020558
0 0.810547 0.509545 0.019531 0.023495
0 0.530762 0.386197 0.016602 0.020558
0 0.667969 0.403084 0.007812 0.010279
