0 0.085938 0.384724 0.018125 0.030928
0 0.260000 0.728679 0.028750 0.036551
0 0.320625 0.629335 0.025000 0.036551
0 0.545625 0.434396 0.022500 0.027179
0 0.602187 0.206186 0.014375 0.026242
0 0.633125 0.205717 0.013750 0.023430
0 0.675625 0.363168 0.016250 0.025305
0 0.906875 0.071696 0.021250 0.036551
0 0.501563 0.324742 0.019375 0.023430
0 0.767813 0.392221 0.024375 0.030928
0 0.218438 0.337863 0.020625 0.027179
0 0.241563 0.332709 0.016875 0.024367
0 0.332188 0.266167 0.016875 0.028116
0 0.389375 0.601687 0.020000 0.031865
0 0.507188 0.623711 0.016875 0.027179
0 0.698438 0.744142 0.026875 0.031865
0 0.741563 0.740394 0.023125 0.035614
