0 0.642090 0.768880 0.036133 0.042969
0 0.352051 0.731771 0.022461 0.026042
0 0.322266 0.748047 0.019531 0.027344
0 0.279297 0.690104 0.019531 0.026042
0 0.275391 0.529297 0.023438 0.027344
0 0.164551 0.793620 0.026367 0.029948
0 0.117676 0.499349 0.012695 0.016927
0 0.021973 0.557292 0.014648 0.018229
0 0.659180 0.339193 0.017578 0.016927
0 0.754883 0.203125 0.011719 0.015625
0 0.767090 0.196615 0.010742 0.013021
0 0.791504 0.173828 0.010742 0.014323
0 0.873047 0.251953 0.015625 0.019531
0 0.947266 0.139974 0.013672 0.019531
